SS = ...
[1 	  [0, 2, 0, 0, 0, 0] 	2	1	1  
2	  [0, 0, 2, 0, 0, 0] 	2	2	1  
3	  [0, 2, 1, 0, 0, 0] 	3	2	2  
4	  [0, 0, 0, 2, 0, 0] 	2	3	1  
5	  [0, 1, 1, 1, 0, 0] 	3	3	3  
6	  [0, 0, 3, 0, 0, 0] 	3	3	6  
7	  [0, 0, 2, 1, 0, 0] 	3	3	6  
8	  [0, 3, 0, 1, 0, 0] 	4	3	6  
9	  [0, 2, 2, 0, 0, 0] 	4	3	12  
10	  [0, 0, 0, 0, 2, 0] 	2	4	1  
11	  [0, 1, 0, 1, 1, 0] 	3	4	4  
12	  [0, 0, 2, 0, 1, 0] 	3	4	6  
13	  [0, 0, 1, 2, 0, 0] 	3	4	12  
14	  [0, 0, 1, 1, 1, 0] 	3	4	12  
15	  [0, 0, 0, 3, 0, 0] 	3	4	24  
16	  [0, 0, 0, 2, 1, 0] 	3	4	12  
17	  [0, 2, 1, 0, 1, 0] 	4	4	12  
18	  [0, 2, 0, 2, 0, 0] 	4	4	24  
19	  [0, 1, 2, 1, 0, 0] 	4	4	24  
20	  [0, 1, 2, 1, 0, 0] 	4	4	24  
21	  [0, 0, 4, 0, 0, 0] 	4	4	72  
22	  [0, 1, 2, 0, 1, 0] 	4	4	24  
23	  [0, 1, 1, 2, 0, 0] 	4	4	48  
24	  [0, 0, 3, 1, 0, 0] 	4	4	144  
25	  [0, 0, 3, 1, 0, 0] 	4	4	24  
26	  [0, 0, 3, 0, 1, 0] 	4	4	24  
27	  [0, 0, 2, 2, 0, 0] 	4	4	48  
28	  [0, 0, 2, 2, 0, 0] 	4	4	48  
29	  [0, 4, 0, 0, 1, 0] 	5	4	24  
30	  [0, 3, 1, 1, 0, 0] 	5	4	72  
31	  [0, 2, 3, 0, 0, 0] 	5	4	144  
32	  [0, 0, 0, 0, 0, 2] 	2	5	1  
33	  [0, 1, 0, 0, 1, 1] 	3	5	5  
34	  [0, 0, 1, 1, 0, 1] 	3	5	10  
35	  [0, 0, 1, 0, 2, 0] 	3	5	20  
36	  [0, 0, 0, 2, 1, 0] 	3	5	30  
37	  [0, 0, 1, 0, 1, 1] 	3	5	20  
38	  [0, 0, 0, 2, 0, 1] 	3	5	30  
39	  [0, 0, 0, 1, 2, 0] 	3	5	60  
40	  [0, 0, 0, 1, 1, 1] 	3	5	30  
41	  [0, 0, 0, 0, 3, 0] 	3	5	60  
42	  [0, 0, 0, 0, 2, 1] 	3	5	20  
43	  [0, 2, 0, 1, 0, 1] 	4	5	20  
44	  [0, 2, 0, 0, 2, 0] 	4	5	40  
45	  [0, 1, 2, 0, 0, 1] 	4	5	30  
46	  [0, 1, 1, 1, 1, 0] 	4	5	20  
47	  [0, 1, 1, 1, 1, 0] 	4	5	30  
48	  [0, 1, 1, 1, 1, 0] 	4	5	60  
49	  [0, 1, 0, 3, 0, 0] 	4	5	180  
50	  [0, 0, 3, 0, 1, 0] 	4	5	180  
51	  [0, 0, 2, 2, 0, 0] 	4	5	120  
52	  [0, 0, 2, 2, 0, 0] 	4	5	60  
53	  [0, 0, 2, 2, 0, 0] 	4	5	120  
54	  [0, 1, 1, 1, 0, 1] 	4	5	60  
55	  [0, 1, 1, 0, 2, 0] 	4	5	120  
56	  [0, 1, 0, 2, 1, 0] 	4	5	120  
57	  [0, 1, 0, 2, 1, 0] 	4	5	120  
58	  [0, 0, 3, 0, 0, 1] 	4	5	180  
59	  [0, 0, 2, 1, 1, 0] 	4	5	120  
60	  [0, 0, 2, 1, 1, 0] 	4	5	240  
61	  [0, 0, 2, 1, 1, 0] 	4	5	120  
62	  [0, 0, 2, 1, 1, 0] 	4	5	120  
63	  [0, 0, 2, 1, 1, 0] 	4	5	60  
64	  [0, 0, 1, 3, 0, 0] 	4	5	360  
65	  [0, 0, 1, 3, 0, 0] 	4	5	360  
66	  [0, 0, 1, 3, 0, 0] 	4	5	360  
67	  [0, 1, 0, 2, 0, 1] 	4	5	60  
68	  [0, 1, 0, 1, 2, 0] 	4	5	120  
69	  [0, 0, 2, 1, 0, 1] 	4	5	60  
70	  [0, 0, 2, 1, 0, 1] 	4	5	120  
71	  [0, 0, 2, 0, 2, 0] 	4	5	120  
72	  [0, 0, 2, 0, 2, 0] 	4	5	240  
73	  [0, 0, 1, 2, 1, 0] 	4	5	120  
74	  [0, 0, 1, 2, 1, 0] 	4	5	120  
75	  [0, 0, 1, 2, 1, 0] 	4	5	240  
76	  [0, 0, 1, 2, 1, 0] 	4	5	120  
77	  [0, 0, 1, 2, 1, 0] 	4	5	120  
78	  [0, 0, 1, 2, 1, 0] 	4	5	240  
79	  [0, 0, 1, 2, 1, 0] 	4	5	120  
80	  [0, 0, 0, 4, 0, 0] 	4	5	240  
81	  [0, 0, 0, 4, 0, 0] 	4	5	360  
82	  [0, 0, 0, 4, 0, 0] 	4	5	1440  
83	  [0, 0, 1, 2, 0, 1] 	4	5	120  
84	  [0, 0, 1, 1, 2, 0] 	4	5	240  
85	  [0, 0, 1, 1, 2, 0] 	4	5	120  
86	  [0, 0, 0, 3, 1, 0] 	4	5	720  
87	  [0, 0, 0, 3, 1, 0] 	4	5	360  
88	  [0, 0, 0, 3, 1, 0] 	4	5	120  
89	  [0, 0, 0, 3, 0, 1] 	4	5	60  
90	  [0, 0, 0, 2, 2, 0] 	4	5	120  
91	  [0, 0, 0, 2, 2, 0] 	4	5	240  
92	  [0, 3, 1, 0, 0, 1] 	5	5	60  
93	  [0, 3, 0, 1, 1, 0] 	5	5	180  
94	  [0, 2, 2, 0, 1, 0] 	5	5	240  
95	  [0, 2, 2, 0, 1, 0] 	5	5	120  
96	  [0, 2, 1, 2, 0, 0] 	5	5	240  
97	  [0, 2, 1, 2, 0, 0] 	5	5	120  
98	  [0, 2, 1, 2, 0, 0] 	5	5	240  
99	  [0, 1, 3, 1, 0, 0] 	5	5	360  
100	  [0, 1, 3, 1, 0, 0] 	5	5	360  
101	  [0, 1, 3, 1, 0, 0] 	5	5	360  
102	  [0, 0, 5, 0, 0, 0] 	5	5	1440  
103	  [0, 2, 2, 0, 0, 1] 	5	5	120  
104	  [0, 2, 1, 1, 1, 0] 	5	5	240  
105	  [0, 2, 1, 1, 1, 0] 	5	5	120  
106	  [0, 2, 0, 3, 0, 0] 	5	5	720  
107	  [0, 1, 3, 0, 1, 0] 	5	5	360  
108	  [0, 1, 3, 0, 1, 0] 	5	5	720  
109	  [0, 1, 3, 0, 1, 0] 	5	5	120  
110	  [0, 1, 2, 2, 0, 0] 	5	5	480  
111	  [0, 1, 2, 2, 0, 0] 	5	5	480  
112	  [0, 1, 2, 2, 0, 0] 	5	5	480  
113	  [0, 1, 2, 2, 0, 0] 	5	5	480  
114	  [0, 1, 2, 2, 0, 0] 	5	5	240  
115	  [0, 0, 4, 1, 0, 0] 	5	5	2880  
116	  [0, 0, 4, 1, 0, 0] 	5	5	1440  
117	  [0, 0, 4, 1, 0, 0] 	5	5	1440  
118	  [0, 1, 3, 0, 0, 1] 	5	5	120  
119	  [0, 1, 2, 1, 1, 0] 	5	5	120  
120	  [0, 1, 2, 1, 1, 0] 	5	5	240  
121	  [0, 1, 2, 1, 1, 0] 	5	5	240  
122	  [0, 1, 1, 3, 0, 0] 	5	5	720  
123	  [0, 1, 1, 3, 0, 0] 	5	5	720  
124	  [0, 0, 4, 0, 1, 0] 	5	5	1440  
125	  [0, 0, 4, 0, 1, 0] 	5	5	120  
126	  [0, 0, 3, 2, 0, 0] 	5	5	1440  
127	  [0, 0, 3, 2, 0, 0] 	5	5	1440  
128	  [0, 0, 3, 2, 0, 0] 	5	5	720  
129	  [0, 0, 3, 2, 0, 0] 	5	5	720  
130	  [0, 0, 3, 2, 0, 0] 	5	5	1440  
131	  [0, 0, 3, 2, 0, 0] 	5	5	720  
132	  [0, 0, 4, 0, 0, 1] 	5	5	120  
133	  [0, 0, 3, 1, 1, 0] 	5	5	360  
134	  [0, 0, 3, 1, 1, 0] 	5	5	360  
135	  [0, 0, 2, 3, 0, 0] 	5	5	720  
136	  [0, 0, 2, 3, 0, 0] 	5	5	1440  
137	  [0, 5, 0, 0, 0, 1] 	6	5	120  
138	  [0, 4, 1, 0, 1, 0] 	6	5	480  
139	  [0, 4, 0, 2, 0, 0] 	6	5	720  
140	  [0, 3, 2, 1, 0, 0] 	6	5	720  
141	  [0, 3, 2, 1, 0, 0] 	6	5	720  
142	  [0, 2, 4, 0, 0, 0] 	6	5	2880];

c = SS(:,end)';
mus = SS(:,end-1)';
v = SS(:,3:7);